label,max_eig,min_eig,W_Q,neg_W_12,neg_W_3,ratio_max,ratio_min,lam_max_MQ
Haar-0,-8.5760553553,-11.3663146866,93.1547386541,-7.7628948878,-31.0515795514,1.1047496429,0.3660462640,13.9923552149
Haar-1,-8.6662906368,-11.4225547229,92.7524712259,-7.7293726022,-30.9174904086,1.1212152762,0.3694528428,13.8646047143
Haar-2,-8.4661524427,-11.3175491680,99.2966009192,-8.2747167433,-33.0988669731,1.0231350154,0.3419316189,14.2200235107
Haar-3,-8.5411183490,-10.9686064520,96.1565582436,-8.0130465203,-32.0521860812,1.0659015054,0.3422108690,14.0877894321
Haar-4,-8.7638901316,-11.3850109521,95.1622947474,-7.9301912290,-31.7207649158,1.1051297350,0.3589135061,13.8052772048
Haar-5,-8.9211158667,-11.6738831509,93.3291213907,-7.7774267826,-31.1097071302,1.1470523756,0.3752488926,14.1415710870
Haar-6,-8.5196054862,-11.2979716160,99.9259473458,-8.3271622788,-33.3086491153,1.0231102987,0.3391903279,13.9282826116
Haar-7,-8.7027041311,-10.8380961380,95.0097742149,-7.9174811846,-31.6699247383,1.0991758525,0.3422204577,13.9223746845
Haar-8,-8.3540386589,-11.6787544625,93.7285854353,-7.8107154529,-31.2428618118,1.0695612597,0.3738055282,14.1491526516
Haar-9,-8.7516148999,-11.4495975248,91.2152243352,-7.6012686946,-30.4050747784,1.1513360797,0.3765686356,13.9409924962
Haar-10,-8.6380486582,-11.7589589307,98.0339589050,-8.1694965754,-32.6779863017,1.0573538502,0.3598434378,13.9117775384
Haar-11,-8.8437575479,-11.7846481294,93.4336750053,-7.7861395838,-31.1445583351,1.1358334195,0.3783854631,13.9717209847
Haar-12,-8.6508425092,-11.4099221840,103.8379045734,-8.6531587144,-34.6126348578,0.9997323283,0.3296461605,13.9914600091
Haar-13,-8.0409542418,-11.2445932789,94.5589654332,-7.8799137861,-31.5196551444,1.0204368296,0.3567486138,14.0627528745
Haar-14,-8.7964317278,-11.3997117519,94.1504605896,-7.8458717158,-31.3834868632,1.1211541619,0.3632391710,13.8196247510
Haar-15,-8.5950080112,-11.0040555128,96.6392912799,-8.0532742733,-32.2130970933,1.0672687555,0.3416019106,13.9814314832
Haar-16,-8.6602831214,-11.1031541741,89.7828769995,-7.4819064166,-29.9276256665,1.1574968516,0.3710001688,13.9882036634
Haar-17,-8.3160624310,-11.2036307375,85.9341256705,-7.1611771392,-28.6447085568,1.1612703148,0.3911239214,14.1036139229
Haar-18,-7.9447060663,-11.4651781969,93.9386983649,-7.8282248637,-31.3128994550,1.0148796444,0.3661487245,13.9472738790
Haar-19,-8.8830988866,-11.4286598023,96.1963554842,-8.0163629570,-32.0654518281,1.1081208441,0.3564166151,14.1069962207
Haar-20,-8.2472473595,-11.7917017301,98.1046482383,-8.1753873532,-32.7015494128,1.0087897984,0.3605854139,13.8652232370
Haar-21,-9.0342349879,-11.5787745035,94.3488364035,-7.8624030336,-31.4496121345,1.1490424682,0.3681690717,13.9125549597
Haar-22,-8.5719885351,-11.3562531219,92.0487238173,-7.6707269848,-30.6829079391,1.1174936290,0.3701165856,13.8199147353
Haar-23,-8.4926628825,-11.0482659615,97.2072527753,-8.1006043979,-32.4024175918,1.0483986707,0.3409704208,13.8926036539
Haar-24,-8.3718603606,-10.7431741040,103.7061654941,-8.6421804578,-34.5687218314,0.9687208456,0.3107773020,14.0969149441
Haar-25,-8.3770106804,-11.5603163625,98.4722324805,-8.2060193734,-32.8240774935,1.0208373024,0.3521901374,14.2047066221
Haar-26,-8.6173777633,-11.4580370739,93.4322328899,-7.7860194075,-31.1440776300,1.1067757878,0.3679042035,13.8333156058
Haar-27,-8.9598461506,-11.8280548683,92.3425009289,-7.6952084107,-30.7808336430,1.1643409343,0.3842668787,13.9851672499
Haar-28,-8.6932196983,-11.6102355628,102.3934338417,-8.5327861535,-34.1311446139,1.0188020117,0.3401654323,13.9167797157
Haar-29,-8.7004445221,-11.2783237026,99.2709058613,-8.2725754884,-33.0903019538,1.0517213816,0.3408347170,14.0361978866
Haar-30,-8.9656512695,-11.3683946526,92.7181404061,-7.7265117005,-30.9060468020,1.1603750330,0.3678372302,13.6820383363
Haar-31,-8.6754870547,-11.8307230743,96.6416911043,-8.0534742587,-32.2138970348,1.0772353367,0.3672552582,14.0008493679
Haar-32,-8.7002382195,-11.4474996761,105.8024957371,-8.8168746448,-35.2674985790,0.9867712279,0.3245906327,13.7770358377
Haar-33,-8.4828825848,-11.4292428335,88.2989937969,-7.3582494831,-29.4329979323,1.1528397623,0.3883139210,14.0014229010
Haar-34,-8.5660401356,-11.3316088297,99.9224724694,-8.3268727058,-33.3074908231,1.0287223593,0.3402120229,14.1204294133
Haar-35,-8.4799965483,-11.3406338140,97.0119001216,-8.0843250101,-32.3373000405,1.0489430519,0.3506982277,13.9532776310
Haar-36,-8.2841340349,-11.2491613193,93.0586218892,-7.7548851574,-31.0195406297,1.0682471586,0.3626475793,13.7690057350
Haar-37,-8.2230861693,-11.3467797475,97.5785484954,-8.1315457080,-32.5261828318,1.0112574490,0.3488506415,14.1435630688
Haar-38,-8.3186278197,-11.2383752410,87.7115199855,-7.3092933321,-29.2371733285,1.1380892026,0.3843865176,13.8258065544
Haar-39,-8.5968659382,-10.8965115084,95.3228643621,-7.9435720302,-31.7742881207,1.0822418309,0.3429348745,13.8403146883
Haar-40,-8.2916061800,-11.7625144956,93.0807819254,-7.7567318271,-31.0269273085,1.0689561486,0.3791066508,13.9369842428
Haar-41,-8.5208362349,-11.9759500786,98.6358143806,-8.2196511984,-32.8786047935,1.0366420702,0.3642475146,14.0275045629
Haar-42,-7.4953066790,-10.8351337369,99.3968022508,-8.2830668542,-33.1322674169,0.9048951084,0.3270266294,13.8646748832
Haar-43,-8.3533811470,-11.7372017298,97.9207065398,-8.1600588783,-32.6402355133,1.0236912835,0.3595930466,14.1362028705
Haar-44,-8.4636788150,-11.3599426773,96.6735338733,-8.0561278228,-32.2245112911,1.0505889431,0.3525249018,13.8877088461
Haar-45,-9.0558701915,-11.5115684784,92.3900119595,-7.6991676633,-30.7966706532,1.1762141815,0.3737926287,14.1287218762
Haar-46,-8.3479477914,-11.3067966586,90.2745066432,-7.5228755536,-30.0915022144,1.1096751145,0.3757471654,14.0530212343
Haar-47,-8.3037716460,-11.3657039691,101.7282949212,-8.4773579101,-33.9094316404,0.9795235419,0.3351782504,14.0004355628
Haar-48,-8.6699843324,-11.1403767746,99.8422902634,-8.3201908553,-33.2807634211,1.0420415208,0.3347392196,14.1815205793
Haar-49,-8.3017389418,-11.3187590958,93.0268518403,-7.7522376534,-31.0089506134,1.0708829261,0.3650158703,13.9399334029
Gibbs-b0.5-0,-8.9629933493,-11.4512556345,83.9052632318,-6.9921052693,-27.9684210773,1.2818733420,0.4094351842,13.9440026114
Gibbs-b0.5-1,-8.3326296566,-11.2880250939,79.4941967217,-6.6245163935,-26.4980655739,1.2578472392,0.4259943075,14.1676232046
Gibbs-b0.5-2,-8.5388836828,-11.2747463833,86.5948713839,-7.2162392820,-28.8649571280,1.1832872150,0.3906032610,14.1564975032
Gibbs-b0.5-3,-8.8603096067,-11.5365280698,88.0535363258,-7.3377946938,-29.3511787753,1.2074894401,0.3930516099,13.9902001504
Gibbs-b0.5-4,-9.1598071469,-11.5766492191,83.5582687255,-6.9631890605,-27.8527562418,1.3154615030,0.4156374730,14.0654650114
Gibbs-b0.5-5,-8.1868857203,-10.8576019830,80.9629309187,-6.7469109099,-26.9876436396,1.2134272750,0.4023175246,14.1332280430
Gibbs-b0.5-6,-8.3105726966,-11.0271901536,87.1826572833,-7.2652214403,-29.0608857611,1.1438842938,0.3794512750,14.1268122232
Gibbs-b0.5-7,-8.1708751949,-11.4047392200,93.8879146231,-7.8239928853,-31.2959715410,1.0443357138,0.3644155672,14.0828311520
Gibbs-b0.5-8,-8.6828631500,-11.6327440868,86.5211323295,-7.2100943608,-28.8403774432,1.2042648425,0.4033492318,13.8464447395
Gibbs-b0.5-9,-8.4080683936,-11.4106275161,81.3907517831,-6.7825626486,-27.1302505944,1.2396595253,0.4205868824,13.8043629800
Gibbs-b0.5-10,-8.5608611374,-11.4470169598,73.5337099097,-6.1278091591,-24.5112366366,1.3970508733,0.4670109929,13.8778487321
Gibbs-b0.5-11,-8.2515138806,-11.3734776701,86.9916327439,-7.2493027287,-28.9972109146,1.1382493171,0.3922266077,14.0484987890
Gibbs-b0.5-12,-8.3948611494,-11.3291033330,71.0410793665,-5.9200899472,-23.6803597888,1.4180293246,0.4784177029,13.8759392689
Gibbs-b1.0-0,-8.8312429593,-11.3694019761,74.0347965455,-6.1695663788,-24.6782655152,1.4314203652,0.4607050673,13.9823988728
Gibbs-b1.0-1,-7.8764354262,-10.9317986451,63.0982856764,-5.2581904730,-21.0327618921,1.4979364986,0.5197509819,13.9140732363
Gibbs-b1.0-2,-8.3435527911,-11.4661882459,74.2009008257,-6.1834084021,-24.7336336086,1.3493452556,0.4635868885,14.1312092458
Gibbs-b1.0-3,-8.8156283245,-11.1121316542,68.5631549644,-5.7135962470,-22.8543849881,1.5429211207,0.4862144249,14.1699022332
Gibbs-b1.0-4,-7.9527062087,-11.1767666400,76.0285477443,-6.3357123120,-25.3428492481,1.2552189583,0.4410224963,13.8361200505
Gibbs-b1.0-5,-8.2161064226,-10.7143699547,70.2444056905,-5.8537004742,-23.4148018968,1.4035747915,0.4575896052,13.9014200149
Gibbs-b1.0-6,-8.6064810994,-11.3951477376,69.0493041702,-5.7541086808,-23.0164347234,1.4957105569,0.4950874397,13.9161643322
Gibbs-b1.0-7,-8.4578140774,-11.3099432842,63.1167629882,-5.2597302490,-21.0389209961,1.6080319098,0.5375724015,14.0525909184
Gibbs-b1.0-8,-8.5641027180,-10.6766705645,67.4378977103,-5.6198248092,-22.4792992368,1.5239091980,0.4749556671,14.1035222508
Gibbs-b1.0-9,-8.5832547768,-11.4438861440,75.8162272641,-6.3180189387,-25.2720757547,1.3585357784,0.4528273125,13.9112472094
Gibbs-b1.0-10,-8.6868653601,-11.3436825505,78.4399629058,-6.5366635755,-26.1466543019,1.3289448447,0.4338483394,13.8561295291
Gibbs-b1.0-11,-8.5865624944,-11.3566726348,72.7290604193,-6.0607550349,-24.2430201398,1.4167479868,0.4684512313,13.9128354736
Gibbs-b1.0-12,-9.2473729412,-11.4580638416,71.3372292356,-5.9447691030,-23.7790764119,1.5555478743,0.4818548729,14.0851175834
Gibbs-b2.0-0,-8.1295219081,-10.6072844176,39.4560052237,-3.2880004353,-13.1520017412,2.4724820048,0.8065148277,14.6207849508
Gibbs-b2.0-1,-8.5164008492,-11.0563921583,43.7809881914,-3.6484156826,-14.5936627305,2.3342737205,0.7576159846,14.2210753302
Gibbs-b2.0-2,-8.4404836175,-11.1173670171,50.0054571011,-4.1671214251,-16.6684857004,2.0254950016,0.6669692267,14.3132060638
Gibbs-b2.0-3,-8.3824155621,-11.1930533414,61.7665021629,-5.1472085136,-20.5888340543,1.6285362328,0.5436467802,13.9159141768
Gibbs-b2.0-4,-9.0478105213,-11.1340103791,49.1773202789,-4.0981100232,-16.3924400930,2.2078007838,0.6792161701,14.2145185481
Gibbs-b2.0-5,-8.5960375524,-11.0889005138,46.7168407067,-3.8930700589,-15.5722802356,2.2080356691,0.7120922785,14.2204356232
Gibbs-b2.0-6,-8.5014255560,-11.6930016508,60.2203760527,-5.0183646711,-20.0734586842,1.6940629295,0.5825105596,13.8948686038
Gibbs-b2.0-7,-7.8619868297,-11.0202754504,49.4555258062,-4.1212938172,-16.4851752687,1.9076501648,0.6684961046,14.1635292853
Gibbs-b2.0-8,-8.5547477799,-10.9508341676,54.2290540811,-4.5190878401,-18.0763513604,1.8930253367,0.6058099862,13.9590589322
Gibbs-b2.0-9,-8.3475908165,-10.8753777369,41.7732685093,-3.4811057091,-13.9244228364,2.3979710799,0.7810289780,14.5916993408
Gibbs-b2.0-10,-8.1400204364,-10.8595097459,55.9398082782,-4.6616506898,-18.6466027594,1.7461669649,0.5823854289,13.7662294468
Gibbs-b2.0-11,-8.1107852406,-11.7422365325,47.2328222636,-3.9360685220,-15.7442740879,2.0606311083,0.7458099667,14.3436448094
Gibbs-b4.0-0,-6.8073251257,-10.9444396569,19.1170130715,-1.5930844226,-6.3723376905,4.2730473219,1.7174921023,15.1072847780
Gibbs-b4.0-1,-7.7378901293,-10.4203128972,25.1513241456,-2.0959436788,-8.3837747152,3.6918406766,1.2429142303,15.0397516887
Gibbs-b4.0-2,-8.0292052090,-11.0538031576,28.4815697153,-2.3734641429,-9.4938565718,3.3829056288,1.1643111600,15.0556912661
Gibbs-b4.0-3,-7.9360293714,-10.9282162765,19.6863459957,-1.6405288330,-6.5621153319,4.8374824093,1.6653496203,15.2149174102
Gibbs-b4.0-4,-6.6062012421,-10.7457509381,19.7060382678,-1.6421698557,-6.5686794226,4.0228489272,1.6359073486,15.1495562842
Gibbs-b4.0-5,-9.2853256957,-11.1224834761,26.8552323057,-2.2379360255,-8.9517441019,4.1490576987,1.2424934571,15.1799643381
Gibbs-b4.0-6,-8.2475870269,-11.0711871747,29.2287659959,-2.4357304997,-9.7429219986,3.3860835704,1.1363312953,14.7501817270
Gibbs-b4.0-7,-8.2976431777,-10.4169258559,20.8854143962,-1.7404511997,-6.9618047987,4.7675241795,1.4962967445,14.9083344622
Gibbs-b4.0-8,-8.0659805386,-11.0930428857,36.7965739471,-3.0663811623,-12.2655246490,2.6304559387,0.9044083480,14.3326543284
Gibbs-b4.0-9,-7.9277545158,-10.8438063484,20.8758655097,-1.7396554591,-6.9586218366,4.5570831133,1.5583267209,15.2827772855
Gibbs-b4.0-10,-8.1924832358,-11.1709773488,20.6160899440,-1.7180074953,-6.8720299813,4.7685957471,1.6255716839,15.1495045457
Gibbs-b4.0-11,-8.1008475468,-10.7092753380,25.3327085935,-2.1110590495,-8.4442361978,3.8373382065,1.2682349341,14.8642089105
NearI-eps0.010-0,-0.0014728796,-0.0033020274,0.0131002299,-0.0010916858,-0.0043667433,1.3491789990,0.7561762005,15.9997392681
NearI-eps0.010-1,-0.0019099806,-0.0038816668,0.0157202752,-0.0013100229,-0.0052400917,1.4579749097,0.7407631416,15.9996892179
NearI-eps0.010-2,-0.0015166854,-0.0032666032,0.0133668801,-0.0011139067,-0.0044556267,1.3615910541,0.7331411288,15.9997193055
NearI-eps0.010-3,-0.0020362813,-0.0039798865,0.0164074078,-0.0013672840,-0.0054691359,1.4892892125,0.7276993132,15.9996190881
NearI-eps0.100-0,-0.1689504763,-0.3339720774,1.3239072925,-0.1103256077,-0.4413024308,1.5313804271,0.7567873052,15.9729053473
NearI-eps0.100-1,-0.1702243406,-0.3774130022,1.5068289887,-0.1255690824,-0.5022763296,1.3556230355,0.7514051130,15.9639509841
NearI-eps0.100-2,-0.1718016070,-0.3964698075,1.4980372975,-0.1248364415,-0.4993457658,1.3762135878,0.7939785108,15.9719265490
NearI-eps0.100-3,-0.1636403739,-0.3204932535,1.2041596523,-0.1003466377,-0.4013865508,1.6307509418,0.7984653519,15.9740056327
NearI-eps0.500-0,-3.8634186066,-6.6877018376,37.9840370641,-3.1653364220,-12.6613456880,1.2205396493,0.5281983450,15.1036187137
NearI-eps0.500-1,-3.2054995262,-5.4502523447,26.7565619920,-2.2297134993,-8.9188539973,1.4376284339,0.6110933475,15.2597353066
NearI-eps0.500-2,-2.7965631226,-5.7104045986,30.8392922063,-2.5699410172,-10.2797640688,1.0881818314,0.5554995777,15.2946016503
NearI-eps0.500-3,-3.4835329050,-5.6023045480,27.0344926333,-2.2528743861,-9.0114975444,1.5462614900,0.6216840786,15.2520032009
NearI-eps1.000-0,-7.6924097063,-11.0623160646,75.2286044017,-6.2690503668,-25.0762014672,1.2270454465,0.4411479976,14.3350086188
NearI-eps1.000-1,-7.4771901733,-10.8834547835,78.6642686266,-6.5553557189,-26.2214228755,1.1406231018,0.4150596570,14.0689438518
NearI-eps1.000-2,-7.2043003033,-10.2899837225,78.9688425184,-6.5807368765,-26.3229475061,1.0947558668,0.3909130511,14.2570230928
NearI-eps2.000-0,-7.8294292282,-11.2816843057,96.5961231328,-8.0496769277,-32.1987077109,0.9726389392,0.3503769284,14.1298702030
NearI-eps2.000-1,-9.0072376285,-11.3896190369,95.1197970204,-7.9266497517,-31.7065990068,1.1363234040,0.3592191971,13.9470558951
NearI-eps2.000-2,-7.7966784638,-11.6110352289,93.6649638081,-7.8054136507,-31.2216546027,0.9988808810,0.3718904516,14.2095775891
NearI-eps3.142-0,-7.3114154010,-11.0102549935,99.6678770471,-8.3056564206,-33.2226256824,0.8802935049,0.3314083329,13.8306663544
NearI-eps3.142-1,-8.3026379037,-11.1469153298,106.6652420222,-8.8887701685,-35.5550806741,0.9340592395,0.3135111809,14.1556117824
NearI-eps3.142-2,-7.2096943129,-9.9721169031,91.1524931450,-7.5960410954,-30.3841643817,0.9491384028,0.3282011240,13.8778706030
PureGauge-0,-8.3498043539,-10.7305161534,0.0000000000,-0.0000000000,-0.0000000000,inf,inf,16.0000000000
PureGauge-1,-7.3883908167,-10.4461385223,0.0000000000,-0.0000000000,-0.0000000000,inf,inf,16.0000000000
PureGauge-2,-5.8312806044,-8.9350874853,-0.0000000000,0.0000000000,0.0000000000,inf,inf,16.0000000000
PureGauge-3,-6.8201812042,-8.8765443508,0.0000000000,-0.0000000000,-0.0000000000,inf,inf,16.0000000000
PureGauge-4,-6.2409585377,-10.5536329894,-0.0000000000,0.0000000000,0.0000000000,inf,inf,16.0000000000
PureGauge-5,-6.9045289164,-9.8858360915,0.0000000000,-0.0000000000,-0.0000000000,inf,inf,16.0000000000
PureGauge-6,-7.6150299227,-9.5641913458,0.0000000000,-0.0000000000,-0.0000000000,inf,inf,16.0000000000
PureGauge-7,-7.4795300311,-10.0954537947,0.0000000000,-0.0000000000,-0.0000000000,inf,inf,16.0000000000
PureGauge-8,-7.3359505804,-9.9467159396,-0.0000000000,0.0000000000,0.0000000000,inf,inf,16.0000000000
PureGauge-9,-7.2797866044,-10.6911559497,0.0000000000,-0.0000000000,-0.0000000000,inf,inf,16.0000000000
PureGauge-10,-7.1013371425,-9.7955926798,0.0000000000,-0.0000000000,-0.0000000000,inf,inf,16.0000000000
PureGauge-11,-8.0288489755,-11.0720101971,-0.0000000000,0.0000000000,0.0000000000,inf,inf,16.0000000000
PureGauge-12,-6.0556866951,-10.7090405698,-0.0000000000,0.0000000000,0.0000000000,inf,inf,16.0000000000
PureGauge-13,-7.5079930935,-10.7722672707,-0.0000000000,0.0000000000,0.0000000000,inf,inf,16.0000000000
PureGauge-14,-7.5238820221,-9.6571823962,-0.0000000000,0.0000000000,0.0000000000,inf,inf,16.0000000000
PureGauge-15,-8.2023564574,-10.5165204190,0.0000000000,-0.0000000000,-0.0000000000,inf,inf,16.0000000000
PureGauge-16,-7.2620995673,-9.5144971852,-0.0000000000,0.0000000000,0.0000000000,inf,inf,16.0000000000
PureGauge-17,-7.3695894129,-10.0850055469,0.0000000000,-0.0000000000,-0.0000000000,inf,inf,16.0000000000
PureGauge-18,-6.0154312408,-9.2354970827,-0.0000000000,0.0000000000,0.0000000000,inf,inf,16.0000000000
PureGauge-19,-6.9670171452,-8.8027640863,-0.0000000000,0.0000000000,0.0000000000,inf,inf,16.0000000000
Abelian-0,0.0000000000,-10.8536719014,97.5585927129,-8.1298827261,-32.5195309043,-0.0000000000,0.3337585629,16.0000000000
Abelian-1,0.0000000000,-10.5209271255,84.1549189087,-7.0129099091,-28.0516396362,-0.0000000000,0.3750556924,16.0000000000
Abelian-2,0.0000000000,-11.1393913166,93.3619406409,-7.7801617201,-31.1206468803,-0.0000000000,0.3579421520,16.0000000000
Abelian-3,0.0000000000,-10.7789201574,76.7801225394,-6.3983435450,-25.5933741798,-0.0000000000,0.4211605739,16.0000000000
Abelian-4,0.0000000000,-11.1570850781,103.3963631319,-8.6163635943,-34.4654543773,-0.0000000000,0.3237179164,16.0000000000
Abelian-5,0.0000000000,-9.7891044877,84.9299342399,-7.0774945200,-28.3099780800,-0.0000000000,0.3457828353,16.0000000000
Abelian-6,0.0000000000,-10.4989374490,108.5156440601,-9.0429703383,-36.1718813534,-0.0000000000,0.2902513515,16.0000000000
Abelian-7,-0.0000000000,-10.8813428165,97.0158761141,-8.0846563428,-32.3386253714,0.0000000000,0.3364813034,16.0000000000
Abelian-8,0.0000000000,-11.2276066359,102.7523843020,-8.5626986918,-34.2507947673,-0.0000000000,0.3278057257,16.0000000000
Abelian-9,-0.0000000000,-10.2253862911,95.4823613276,-7.9568634440,-31.8274537759,0.0000000000,0.3212756623,16.0000000000
Abelian-10,0.0000000000,-11.0889427470,96.5805535332,-8.0483794611,-32.1935178444,-0.0000000000,0.3444464442,16.0000000000
Abelian-11,-0.0000000000,-10.9443240485,86.7653893472,-7.2304491123,-28.9217964491,0.0000000000,0.3784109354,16.0000000000
Abelian-12,0.0000000000,-11.5319823689,81.6943311750,-6.8078609313,-27.2314437250,-0.0000000000,0.4234803885,16.0000000000
Abelian-13,-0.0000000000,-10.1774482052,82.8689076240,-6.9057423020,-27.6229692080,0.0000000000,0.3684414998,16.0000000000
Abelian-14,0.0000000000,-10.2761237215,94.5755700209,-7.8812975017,-31.5251900070,-0.0000000000,0.3259654809,16.0000000000
Abelian-15,0.0000000000,-10.8415352018,89.7433509173,-7.4786125764,-29.9144503058,-0.0000000000,0.3624179984,16.0000000000
Abelian-16,0.0000000000,-10.7289282585,92.8203290767,-7.7350274231,-30.9401096922,-0.0000000000,0.3467643898,16.0000000000
Abelian-17,0.0000000000,-11.2816467274,87.6041351099,-7.3003445925,-29.2013783700,-0.0000000000,0.3863395277,16.0000000000
Abelian-18,0.0000000000,-10.6198727993,91.9951513894,-7.6662626158,-30.6650504631,-0.0000000000,0.3463184518,16.0000000000
Abelian-19,0.0000000000,-11.2144902509,103.2457078597,-8.6038089883,-34.4152359532,-0.0000000000,0.3258582991,16.0000000000
Adversarial-0,-8.7624903200,-11.2163178741,95.3395905551,-7.9449658796,-31.7798635184,1.1028984206,0.3529378868,13.8609446968
Adversarial-1,-8.2535343327,-11.3406152499,94.3070172797,-7.8589181066,-31.4356724266,1.0502125383,0.3607562484,13.8740786479
Adversarial-2,-8.4737683973,-11.7383957250,98.6457465355,-8.2204788780,-32.8819155118,1.0308120151,0.3569863721,14.1211250688
Adversarial-3,-8.6716888909,-11.0664603198,95.4857098271,-7.9571424856,-31.8285699424,1.0897993729,0.3476895236,13.8377751055
Adversarial-4,-8.7546221147,-10.9000082425,100.1740498960,-8.3478374913,-33.3913499653,1.0487293414,0.3264320926,13.9023051813
Adversarial-5,-8.4393819090,-11.1547018529,92.9896770711,-7.7491397559,-30.9965590237,1.0890733907,0.3598690372,14.2112822619
Adversarial-6,-8.7832337469,-10.8820548030,93.3745906666,-7.7812158889,-31.1248635555,1.1287739439,0.3496257834,14.0893412333
Adversarial-7,-9.0579861080,-11.1256355197,89.7987059446,-7.4832254954,-29.9329019815,1.2104387491,0.3716858301,13.9360614449
Adversarial-8,-8.0676770257,-11.4903058018,92.9105458672,-7.7425454889,-30.9701819557,1.0419928481,0.3710118920,13.8101576204
Adversarial-9,-8.6303386163,-11.0449905752,98.5554403464,-8.2129533622,-32.8518134488,1.0508203609,0.3362064195,13.8433798746
Adversarial-10,-8.4523229626,-11.2516967119,86.5489046703,-7.2124087225,-28.8496348901,1.1719140287,0.3900117542,14.0174781740
Adversarial-11,-8.8357238634,-10.7772736722,102.3906126314,-8.5325510526,-34.1302042105,1.0355313210,0.3157693873,13.9117967062
Adversarial-12,-8.0723453987,-11.2375843850,85.2858392274,-7.1071532690,-28.4286130758,1.1358057288,0.3952913339,13.9452651750
Adversarial-13,-8.9773947021,-11.3558036502,102.0853310801,-8.5071109233,-34.0284436934,1.0552812562,0.3337150459,13.8857466798
Adversarial-14,-8.9262952282,-11.3243571306,87.8170524210,-7.3180877017,-29.2723508070,1.2197578920,0.3868618959,13.6741661120
Adversarial-15,-8.5450422301,-11.6144801052,97.5338732290,-8.1278227691,-32.5112910763,1.0513322538,0.3572445055,14.1355537183
Adversarial-16,-8.8292501919,-10.9405788675,92.8700792616,-7.7391732718,-30.9566930872,1.1408518561,0.3534156196,13.8652374437
Adversarial-17,-8.9990008876,-11.1687284641,87.7418193525,-7.3118182794,-29.2472731175,1.2307473386,0.3818724713,13.7648541508
Adversarial-18,-8.4218075131,-11.1055517701,85.4003389562,-7.1166949130,-28.4667796521,1.1833874595,0.3901232210,14.1273806595
Adversarial-19,-9.1556510534,-11.3894183802,95.5841967226,-7.9653497269,-31.8613989075,1.1494349109,0.3574676182,13.8892365733
Adversarial-20,-8.8112286442,-11.3694664675,97.2094686088,-8.1007890507,-32.4031562029,1.0877000486,0.3508752788,14.1352974837
Adversarial-21,-8.3754916197,-11.5006782041,83.3754394989,-6.9479532916,-27.7918131663,1.2054617048,0.4138153252,14.1425800710
Adversarial-22,-8.9918683505,-11.4380541670,96.7494384574,-8.0624532048,-32.2498128191,1.1152769662,0.3546704048,14.0146983179
Adversarial-23,-8.1909511204,-11.2801083325,94.5867136846,-7.8822261404,-31.5289045615,1.0391672320,0.3577703853,14.0625580439
Adversarial-24,-9.0276069653,-11.3157782391,95.8260655494,-7.9855054625,-31.9420218498,1.1304991284,0.3542599242,13.8679341973
Adversarial-25,-8.8859829983,-11.5243661667,97.2638020636,-8.1053168386,-32.4212673545,1.0963153169,0.3554569919,13.8279237666
Adversarial-26,-8.6047903157,-10.9827794581,98.9730393228,-8.2477532769,-32.9910131076,1.0432890057,0.3329021580,13.9879177870
Adversarial-27,-8.5022271840,-11.3053951015,99.8413700674,-8.3201141723,-33.2804566891,1.0218882828,0.3397007201,14.0318227525
Adversarial-28,-8.8684477117,-11.5683399341,91.2387509277,-7.6032292440,-30.4129169759,1.1664054084,0.3803758759,13.9809216997
Adversarial-29,-8.5770229916,-11.4322560992,94.2542345332,-7.8545195444,-31.4180781777,1.0919856960,0.3638750924,14.0874331047
Adversarial-30,-8.8540472282,-10.9761309341,92.2018789248,-7.6834899104,-30.7339596416,1.1523470886,0.3571336418,13.9803046730
Adversarial-31,-8.9540169333,-11.2565702150,98.2432206134,-8.1869350511,-32.7477402045,1.0936958553,0.3437357859,14.1760056873
Adversarial-32,-8.7530540966,-11.3720424514,99.6921095135,-8.3076757928,-33.2307031712,1.0536104580,0.3422149207,13.9419957322
Adversarial-33,-8.3637866653,-11.4852595165,89.8528238760,-7.4877353230,-29.9509412920,1.1169981716,0.3834690671,13.8402041692
Adversarial-34,-8.9096239241,-11.3944082760,95.7703924338,-7.9808660361,-31.9234641446,1.1163730708,0.3569289418,13.8807771528
Adversarial-35,-8.2956701208,-11.4109995745,91.8618818728,-7.6551568227,-30.6206272909,1.0836708265,0.3726572766,13.9166322487
Adversarial-36,-8.8997812482,-11.1305739470,90.9294868442,-7.5774572370,-30.3098289481,1.1745076178,0.3672265510,13.8645305076
Adversarial-37,-9.0169493562,-11.4565843170,92.4879617343,-7.7073301445,-30.8293205781,1.1699186602,0.3716132598,13.7486524201
Adversarial-38,-8.7503875708,-11.3629206406,90.1116637742,-7.5093053145,-30.0372212581,1.1652725791,0.3782946679,13.9664121586
Adversarial-39,-8.8587814459,-11.5714368377,97.8191033049,-8.1515919421,-32.6063677683,1.0867547724,0.3548827309,13.9259994645
